77 77
77 77
77 77
27 27
27 27
27 27
27 27
77 27
29 27
28 27
28 27
27 27
26 26
25 25
25 25
25 25
26 25
24 24
23 23
22 22
21 21
26 21
25 21
22 21
22 21
72 21
18 18
15 15
15 15
15 15
15 15
16 15
16 15
15 15
15 15
16 15
15 15
15 15
15 15
70 15
26 15
25 15
25 15
24 15
24 15
18 15
23 15
23 15
19 15
16 15
15 15
15 15
15 15
15 15
16 15
15 15
15 15
21 15
18 15
24 15
18 15
18 15
18 15
19 15
71 15
20 15
19 15
18 15
17 15
18 15
20 15
71 15
17 15
17 15
17 15
71 15
25 15
24 15
19 15
19 15
20 15
15 15
15 15
15 15
15 15
15 15
15 15
15 15
15 15
15 15
15 15
71 15
71 15
15 15
16 15
15 15
16 15
15 15
23 15
17 15
