30 30
30 30
28 28
26 26
31 26
30 26
28 26
30 26
29 26
29 26
31 26
34 26
31 26
29 26
31 26
29 26
27 26
26 26
25 25
25 25
25 25
23 23
23 23
19 19
18 18
17 17
17 17
17 17
18 17
73 17
19 17
18 17
18 17
18 17
19 17
71 17
25 17
25 17
28 17
23 17
74 17
23 17
21 17
17 17
34 17
18 17
17 17
17 17
20 17
28 17
22 17
17 17
17 17
71 17
21 17
20 17
20 17
17 17
17 17
28 17
20 17
18 17
17 17
17 17
71 17
22 17
25 17
20 17
26 17
22 17
20 17
19 17
19 17
19 17
19 17
20 17
20 17
19 17
31 17
19 17
18 17
18 17
19 17
70 17
20 17
20 17
71 17
23 17
23 17
16 16
16 16
16 16
16 16
16 16
72 16
24 16
23 16
22 16
18 16
17 16
