27 27
27 27
27 27
26 26
24 24
24 24
24 24
25 24
24 24
23 23
22 22
21 21
20 20
19 19
18 18
17 17
16 16
17 16
16 16
17 16
17 16
27 16
20 16
19 16
19 16
20 16
70 16
71 16
71 16
18 16
18 16
18 16
18 16
72 16
16 16
23 16
17 16
16 16
16 16
17 16
16 16
16 16
16 16
77 16
33 16
32 16
20 16
19 16
19 16
18 16
18 16
21 16
18 16
18 16
18 16
69 16
70 16
70 16
18 16
18 16
18 16
17 16
16 16
16 16
16 16
24 16
19 16
19 16
17 16
16 16
16 16
16 16
23 16
22 16
18 16
18 16
18 16
71 16
28 16
28 16
21 16
26 16
19 16
17 16
17 16
22 16
20 16
18 16
18 16
19 16
18 16
18 16
18 16
72 16
71 16
72 16
74 16
19 16
19 16
19 16
