77 30
30 30
29 29
28 28
26 26
26 26
35 26
29 26
28 26
28 26
27 26
29 26
29 26
27 26
26 26
26 26
77 26
26 26
25 25
25 25
73 25
23 23
23 23
23 23
24 23
19 19
19 19
19 19
19 19
20 19
71 19
18 18
17 17
17 17
17 17
18 17
17 17
23 17
18 17
17 17
22 17
18 17
23 17
21 17
20 17
16 16
16 16
69 16
28 16
27 16
18 16
18 16
17 16
17 16
24 16
19 16
17 16
17 16
19 16
19 16
17 16
17 16
26 16
24 16
23 16
18 16
17 16
17 16
73 16
26 16
25 16
21 16
27 16
19 16
17 16
17 16
17 16
18 16
17 16
17 16
17 16
17 16
18 16
29 16
17 16
20 16
18 16
26 16
18 16
17 16
17 16
18 16
70 16
22 16
22 16
19 16
21 16
17 16
15 15
15 15
