23 23
23 23
23 23
73 23
73 23
29 23
29 23
29 23
28 23
27 23
27 23
27 23
26 23
23 23
23 23
25 23
24 23
25 23
17 17
17 17
17 17
17 17
18 17
19 17
18 17
68 17
72 17
17 17
16 16
16 16
16 16
16 16
16 16
30 16
31 16
30 16
17 16
17 16
17 16
17 16
18 16
68 16
70 16
70 16
15 15
14 14
14 14
14 14
14 14
14 14
14 14
14 14
20 14
17 14
17 14
14 14
72 14
19 14
19 14
19 14
19 14
19 14
20 14
21 14
71 14
71 14
19 14
19 14
19 14
19 14
68 14
14 14
14 14
17 14
17 14
14 14
14 14
14 14
14 14
14 14
14 14
14 14
14 14
15 14
16 14
15 14
68 14
15 14
14 14
14 14
14 14
14 14
14 14
72 14
16 14
14 14
14 14
71 14
23 14
23 14
