264 263
265 263
265 263
264 263
263 263
262 262
261 261
260 260
259 259
258 258
257 257
256 256
255 255
254 254
253 253
252 252
251 251
250 250
249 249
248 248
247 247
246 246
245 245
244 244
243 243
242 242
241 241
240 240
239 239
238 238
237 237
236 236
235 235
234 234
233 233
232 232
231 231
230 230
229 229
228 228
227 227
226 226
225 225
224 224
223 223
222 222
221 221
220 220
219 219
218 218
217 217
216 216
215 215
214 214
213 213
212 212
211 211
210 210
209 209
208 208
207 207
206 206
205 205
204 204
203 203
202 202
201 201
200 200
199 199
198 198
197 197
196 196
195 195
194 194
193 193
192 192
191 191
190 190
189 189
188 188
187 187
186 186
185 185
184 184
183 183
182 182
181 181
180 180
179 179
178 178
177 177
176 176
687 176
14 14
14 14
14 14
14 14
15 14
14 14
14 14
