1037 1037
1037 1037
1037 1037
1024 1024
1024 1024
1024 1024
1024 1024
1024 1024
1028 1024
1020 1020
1021 1020
1021 1020
1020 1020
1020 1020
1019 1019
1018 1018
1017 1017
1016 1016
1015 1015
1014 1014
1013 1013
1012 1012
1011 1011
1010 1010
1009 1009
1008 1008
1007 1007
1006 1006
1005 1005
1004 1004
1003 1003
1002 1002
1001 1001
1000 1000
999 999
998 998
997 997
996 996
995 995
994 994
993 993
992 992
991 991
990 990
989 989
988 988
987 987
986 986
985 985
984 984
983 983
982 982
981 981
980 980
979 979
978 978
977 977
976 976
975 975
974 974
973 973
972 972
971 971
970 970
969 969
968 968
967 967
966 966
965 965
964 964
963 963
962 962
961 961
960 960
959 959
958 958
957 957
956 956
955 955
954 954
953 953
952 952
951 951
950 950
949 949
948 948
947 947
946 946
945 945
944 944
943 943
942 942
941 941
940 940
939 939
938 938
937 937
936 936
935 935
934 934
